%YAML:1.0

#common parameters
imu_topic: "/vectornav/IMU_modified_time"
image_topic: "/tracking/image_raw"
output_path: "/home/jagatpreet/datasets/voxl_m500_logs/vio_results/flight14"

#camera calibration 
model_type: KANNALA_BRANDT
camera_name: camera
image_width: 640
image_height: 480
projection_parameters:
   #voxl
#   k2: 4.2275520243472333e-03
#   k3: -2.3143746003944345e-02
#   k4: 1.7736603417817902e-02
#   k5: -3.0543777993236208e-03
#   mu: 2.8654181277217833e+02
#   mv: 2.8548532715141653e+02
#   u0: 2.9584754116543320e+02
#   v0: 2.2799907043832093e+02
  
   #kalibr
   k2: -0.007465244755138569
   k3: 0.010480225323072115
   k4: -0.0069660632516068315
   k5: 0.0019011577542092145
   mu: 278.33894995036536
   mv: 278.0145157679743
   u0: 298.8319592976123
   v0: 229.0549376633681

# Extrinsic parameter between IMU and Camera.
estimate_extrinsic: 1   # 0  Have an accurate extrinsic parameters. We will trust the following imu^R_cam, imu^T_cam, don't change it.
                        # 1  Have an initial guess about extrinsic parameters. We will optimize around your initial guess.
                        # 2  Don't know anything about extrinsic parameters. You don't need to give R,T. We will try to calibrate it. Do some rotation movement at beginning.                        
#If you choose 0 or 1, you should write down the following matrix.
#Rotation from camera frame to imu frame, imu^R_cam
extrinsicRotation: !!opencv-matrix
   rows: 3
   cols: 3
   dt: d
   data: [-0.04878456, -0.73495571,  0.67635802, 
            0.99879135, -0.03995896,  0.02862024,   
            0.00599195,  0.67693677,  0.73601678] 
           
#Translation from camera frame to imu frame, imu^T_cam
extrinsicTranslation: !!opencv-matrix
   rows: 3
   cols: 1
   dt: d
   data: [0.06095216,0.00260041, 0.03047335] # vectornav-vn100 - setup 4 - vn100 near the CG of drone on the modem
   #data: [0.017,-0.015, 0.013] # imu 1
   #data:[.165,-0.005,-0.026] (vn100 measured)
#feature tracker paprameters
max_cnt: 300            # max feature number in feature tracking
min_dist: 20           # min distance between two features in pixels
freq: 0                # frequence (Hz) of publish tracking result. At least 10Hz for good estimation. If set 0, the frequence will be same as raw image 
F_threshold: 1.0        # ransac threshold (pixel)
show_track: 1           # publish tracking image as topic
equalize: 0            # if image is too dark or light, trun on equalize to find enough features
fisheye: 0             # if using fisheye, trun on it. A circle mask will be loaded to remove edge noisy points

#optimization parameters
max_solver_time: 0.04  # max solver itration time (ms), to guarantee real time
max_num_iterations: 8   # max solver itrations, to guarantee real time
keyframe_parallax: 10.0 # 10 # keyframe selection threshold (pixel)

#imu parameters       The more accurate parameters you provide, the better performance
acc_n: 0.078576         # accelerometer measurement noise standard deviation. #0.2   0.04
gyr_n: 0.028064    # gyroscope measurement noise standard deviation.     #0.05  0.004
acc_w: 0.00010153         # accelerometer bias random work noise standard deviation.  #3.00e-3
gyr_w: 0.00000396       # gyroscope bias random work noise standard deviation.     #1.93e-5
g_norm: 9.8099     # gravity magnitude

#loop closure parameters
loop_closure: 0                    # start loop closure
load_previous_pose_graph: 0        # load and reuse previous pose graph; load from 'pose_graph_save_path'
fast_relocalization: 0             # useful in real-time and large project
pose_graph_save_path: "/home/jagatpreet/datasets/voxl_logs/vio_results" # save and load path

#unsynchronization parameters
estimate_td: 1                      # online estimate time offset between camera and imu
td: -0.108                 # initial value of time offset. unit: s. readed image clock + td = real image clock (IMU clock)

#rolling shutter parameters
rolling_shutter: 0                  # 0: global shutter camera, 1: rolling shutter camera
rolling_shutter_tr: 0               # unit: s. rolling shutter read out time per frame (from data sheet). 

#visualization parameters
save_image: 1                   # save image in pose graph for visualization prupose; you can close this function by setting 0 
visualize_imu_forward: 0        # output imu forward propogation to achieve low latency and high frequence results
visualize_camera_size: 0.4      # size of camera marker in RVIZ
